Omsättning 1012053     Återbetalning 0.717734

1  58.000000
2  73.000000
3  5.700000
4  32.000000
5  10.000000
6  5.000000
7  15.000000
8  37.000000
9  21.000000
10  51.000000
11  7.200000
12  35.000000
13  3.100000
Återbetalning vinnarspel: 0.841333

Komb             Odds    Kvot Spelat belopp  Beräknat spelbelopp
2 - 11             346  1.194320    81
3 - 4             117  1.296656    331
3 - 10             187  1.267988    192
4 - 5             213  1.325253    194
4 - 6             101  1.478053    522
4 - 11             150  1.577487    390
6 - 10             162  1.440118    310
10 - 11             241  1.283126    155
